3656
4014
9072
295
5308
1121
1888
3143
3412
1221
3233
1267
4114
4307
5179
8796
4446
9350
6822
5687
7617
4372
2461
1391
4540
1969
8878
2404
4736
2986
7363
9790
5916
1120
3452
2921
5962
3705
5422
6062
5677
5538
4225
2891
7575
7065
4163
4037
4068
9190
8239
7210
8408
440
7407
7240
4707
298
5185
9226
3315
1268
9892
7341
3289
5777
1973
370
1772
2930
9129
9272
8344
2918
6774
560
4960
3881
6463
9057
1891
8293
4749
1503
9854
8481
9744
8277
1058
764
9997
8534
2053
4997
664
8034
7052
5429
9746
7517
7361
2158
621
6876
1018
498
2199
71
5264
4500
5275
2529
2362
2895
813
3451
3950
3267
995
6242
5803
1123
5098
1674
8135
4570
9692
3565
4660
705
6667
5167
7243
6841
4187
9506
2021
2914
3286
3492
1329
4873
4955
6565
219
970
2593
9402
2009
3864
2964
7316
4924
952
2938
7108
7914
2567
7978
4932
6871
2347
5692
3425
5986
5380
6443
5547
3431
2686
2061
7739
2864
2472
1017
2531
2563
3876
4703
6146
8851
3422
5213
7045
2323
4722
6009
9495
5062
6206
6848
9017
9050
2043
7977
7720
3105
598
3382
6784
4621
4065
6514
35
9211
5679
7147
6450
1160
9622
4118
1028
4138
3343
3394
5767
9694
1136
4675
8357
8511
2156
8847
5757
5611
6658
3716
7333
1510
8349
1475
4217
2824
1562
1979
4963
5785
8824
4650
6482
9972
9808
5058
7456
889
5425
8438
3314
1535
9604
914
8240
7079
6971
6600
4711
8004
586
3763
7986
4185
1239
7130
3874
8962
1107
5707
9879
1068
396
1454
4268
7404
9736
1035
9170
8154
7524
2133
4513
1005
5729
3217
7935
678
4218
7462
6815
4141
6011
335
9911
9888
2099
1277
6812
8213
4449
1013
2299
8430
4880
8434
6522
7975
1731
9891
6768
8019
5008
8608
6037
4358
6637
8839
3557
4599
270
5568
6126
3206
9456
8447
7883
5022
7664
6436
3392
1760
6885
2614
2321
5207
2781
4235
2367
3318
8343
7590
6854
1985
4062
2597
6054
867
801
4713
1286
7860
165
1161
5446
4009
8506
241
3973
7589
8573
6966
6484
9566
3814
3095
4031
9574
3579
8955
7125
1156
6500
6746
7619
7918
3317
7307
9233
4128
7483
9754
3086
7382
7670
5717
2005
1943
5566
8291
1611
4930
8948
8714
2264
3760
5083
7410
439
9659
5340
115
3612
6347
43
9311
5973
493
723
1841
5096
6348
4566
6649
4743
2656
1167
3157
2768
4006
8363
474
1083
305
4738
2799
9979
6339
1945
3819
7995
6055
4428
3888
9372
769
7379
228
6547
2192
920
9153
1745
8501
3472
7955
9479
6056
5064
4478
1355
6365
6718
1605
4399
301
6133
1954
3517
9212
5126
8126
4573
9051
5035
546
5
289
3085
3386
268
9452
6308
9197
3824
3989
1050
2436
4102
4139
4427
1485
1853
644
4663
7581
2296
3002
4222
2559
3502
7296
4057
1606
4761
3398
348
3325
3
2866
3781
6153
3235
